1.343249e+00 2.108479e+00 1.090831e-01
1.433941e+00 2.047880e+00 2.181662e-01
1.521904e+00 1.983383e+00 3.272492e-01
1.606969e+00 1.915111e+00 4.363323e-01
1.688976e+00 1.843193e+00 5.454154e-01
1.767767e+00 1.767767e+00 6.544985e-01
1.843193e+00 1.688976e+00 7.635815e-01
1.915111e+00 1.606969e+00 8.726646e-01
1.983383e+00 1.521904e+00 9.817477e-01
2.047880e+00 1.433941e+00 1.090831e+00
2.108479e+00 1.343249e+00 1.199914e+00
2.165064e+00 1.250000e+00 1.308997e+00
2.217527e+00 1.154372e+00 1.418080e+00
2.265769e+00 1.056546e+00 1.527163e+00
2.309699e+00 9.567086e-01 1.636246e+00
2.349232e+00 8.550504e-01 1.745329e+00
2.384292e+00 7.517645e-01 1.854412e+00
2.414815e+00 6.470476e-01 1.963495e+00
2.440740e+00 5.410990e-01 2.072578e+00
2.462019e+00 4.341204e-01 2.181662e+00
2.478612e+00 3.263155e-01 2.290745e+00
2.490487e+00 2.178894e-01 2.399828e+00
2.497621e+00 1.090485e-01 2.508911e+00
2.500000e+00 -4.857226e-16 2.617994e+00
2.497621e+00 -1.090485e-01 2.727077e+00
2.490487e+00 -2.178894e-01 2.836160e+00
2.478612e+00 -3.263155e-01 2.945243e+00
2.462019e+00 -4.341204e-01 3.054326e+00
2.440740e+00 -5.410990e-01 3.163409e+00
2.414815e+00 -6.470476e-01 3.272492e+00
2.384292e+00 -7.517645e-01 3.381575e+00
2.349232e+00 -8.550504e-01 3.490659e+00
2.309699e+00 -9.567086e-01 3.599742e+00
2.265769e+00 -1.056546e+00 3.708825e+00
2.217527e+00 -1.154372e+00 3.817908e+00
2.165064e+00 -1.250000e+00 3.926991e+00
2.108479e+00 -1.343249e+00 4.036074e+00
2.047880e+00 -1.433941e+00 4.145157e+00
1.983383e+00 -1.521904e+00 4.254240e+00
1.915111e+00 -1.606969e+00 4.363323e+00
1.843193e+00 -1.688976e+00 4.472406e+00
1.767767e+00 -1.767767e+00 4.581489e+00
1.688976e+00 -1.843193e+00 4.690572e+00
1.606969e+00 -1.915111e+00 4.799655e+00
1.521904e+00 -1.983383e+00 4.908739e+00
1.433941e+00 -2.047880e+00 5.017822e+00
1.343249e+00 -2.108479e+00 5.126905e+00
1.250000e+00 -2.165064e+00 5.235988e+00
1.154372e+00 -2.217527e+00 5.345071e+00
1.056546e+00 -2.265769e+00 5.454154e+00
9.567086e-01 -2.309699e+00 5.563237e+00
8.550504e-01 -2.349232e+00 5.672320e+00
7.517645e-01 -2.384292e+00 5.781403e+00
6.470476e-01 -2.414815e+00 5.890486e+00
5.410990e-01 -2.440740e+00 5.999569e+00
4.341204e-01 -2.462019e+00 6.108652e+00
3.263155e-01 -2.478612e+00 6.217735e+00
2.178894e-01 -2.490487e+00 6.326819e+00
1.090485e-01 -2.497621e+00 6.435902e+00
1.263304e-15 -2.500000e+00 6.544985e+00
-1.090485e-01 -2.497621e+00 6.654068e+00
-2.178894e-01 -2.490487e+00 6.763151e+00
-3.263155e-01 -2.478612e+00 6.872234e+00
-4.341204e-01 -2.462019e+00 6.981317e+00
-5.410990e-01 -2.440740e+00 7.090400e+00
-6.470476e-01 -2.414815e+00 7.199483e+00
-7.517645e-01 -2.384292e+00 7.308566e+00
-8.550504e-01 -2.349232e+00 7.417649e+00
-9.567086e-01 -2.309699e+00 7.526732e+00
-1.056546e+00 -2.265769e+00 7.635815e+00
-1.154372e+00 -2.217527e+00 7.744899e+00
-1.250000e+00 -2.165064e+00 7.853982e+00
-1.343249e+00 -2.108479e+00 7.963065e+00
-1.433941e+00 -2.047880e+00 8.072148e+00
-1.521904e+00 -1.983383e+00 8.181231e+00
-1.606969e+00 -1.915111e+00 8.290314e+00
-1.688976e+00 -1.843193e+00 8.399397e+00
-1.767767e+00 -1.767767e+00 8.508480e+00
-1.843193e+00 -1.688976e+00 8.617563e+00
-1.915111e+00 -1.606969e+00 8.726646e+00
-1.983383e+00 -1.521904e+00 8.835729e+00
-2.047880e+00 -1.433941e+00 8.944812e+00
-2.108479e+00 -1.343249e+00 9.053895e+00
-2.165064e+00 -1.250000e+00 9.162979e+00
-2.217527e+00 -1.154372e+00 9.272062e+00
-2.265769e+00 -1.056546e+00 9.381145e+00
-2.309699e+00 -9.567086e-01 9.490228e+00
-2.349232e+00 -8.550504e-01 9.599311e+00
-2.384292e+00 -7.517645e-01 9.708394e+00
-2.414815e+00 -6.470476e-01 9.817477e+00
-2.440740e+00 -5.410990e-01 9.926560e+00
-2.462019e+00 -4.341204e-01 1.003564e+01
-2.478612e+00 -3.263155e-01 1.014473e+01
-2.490487e+00 -2.178894e-01 1.025381e+01
-2.497621e+00 -1.090485e-01 1.036289e+01
-2.500000e+00 -5.857277e-15 1.047198e+01
-2.497621e+00 1.090485e-01 1.058106e+01
-2.490487e+00 2.178894e-01 1.069014e+01
-2.478612e+00 3.263155e-01 1.079922e+01
-2.462019e+00 4.341204e-01 1.090831e+01
-2.440740e+00 5.410990e-01 1.101739e+01
-2.414815e+00 6.470476e-01 1.112647e+01
-2.384292e+00 7.517645e-01 1.123556e+01
-2.349232e+00 8.550504e-01 1.134464e+01
-2.309699e+00 9.567086e-01 1.145372e+01
-2.265769e+00 1.056546e+00 1.156281e+01
-2.217527e+00 1.154372e+00 1.167189e+01
-2.165064e+00 1.250000e+00 1.178097e+01
-2.108479e+00 1.343249e+00 1.189006e+01
-2.047880e+00 1.433941e+00 1.199914e+01
-1.983383e+00 1.521904e+00 1.210822e+01
-1.915111e+00 1.606969e+00 1.221730e+01
-1.843193e+00 1.688976e+00 1.232639e+01
-1.767767e+00 1.767767e+00 1.243547e+01
-1.688976e+00 1.843193e+00 1.254455e+01
-1.606969e+00 1.915111e+00 1.265364e+01
-1.521904e+00 1.983383e+00 1.276272e+01
-1.433941e+00 2.047880e+00 1.287180e+01
-1.343249e+00 2.108479e+00 1.298089e+01
-1.250000e+00 2.165064e+00 1.308997e+01
-1.154372e+00 2.217527e+00 1.319905e+01
-1.056546e+00 2.265769e+00 1.330814e+01
-9.567086e-01 2.309699e+00 1.341722e+01
-8.550504e-01 2.349232e+00 1.352630e+01
-7.517645e-01 2.384292e+00 1.363538e+01
-6.470476e-01 2.414815e+00 1.374447e+01
-5.410990e-01 2.440740e+00 1.385355e+01
-4.341204e-01 2.462019e+00 1.396263e+01
-3.263155e-01 2.478612e+00 1.407172e+01
-2.178894e-01 2.490487e+00 1.418080e+01
-1.090485e-01 2.497621e+00 1.428988e+01
-9.341027e-15 2.500000e+00 1.439897e+01
1.090485e-01 2.497621e+00 1.450805e+01
2.178894e-01 2.490487e+00 1.461713e+01
3.263155e-01 2.478612e+00 1.472622e+01
4.341204e-01 2.462019e+00 1.483530e+01
5.410990e-01 2.440740e+00 1.494438e+01
6.470476e-01 2.414815e+00 1.505346e+01
7.517645e-01 2.384292e+00 1.516255e+01
8.550504e-01 2.349232e+00 1.527163e+01
9.567086e-01 2.309699e+00 1.538071e+01
1.056546e+00 2.265769e+00 1.548980e+01
1.154372e+00 2.217527e+00 1.559888e+01
1.250000e+00 2.165064e+00 1.570796e+01
1.343249e+00 2.108479e+00 1.581705e+01
1.433941e+00 2.047880e+00 1.592613e+01
1.521904e+00 1.983383e+00 1.603521e+01
1.606969e+00 1.915111e+00 1.614430e+01
1.688976e+00 1.843193e+00 1.625338e+01
1.767767e+00 1.767767e+00 1.636246e+01
1.843193e+00 1.688976e+00 1.647154e+01
1.915111e+00 1.606969e+00 1.658063e+01
1.983383e+00 1.521904e+00 1.668971e+01
2.047880e+00 1.433941e+00 1.679879e+01
2.108479e+00 1.343249e+00 1.690788e+01
2.165064e+00 1.250000e+00 1.701696e+01
2.217527e+00 1.154372e+00 1.712604e+01
2.265769e+00 1.056546e+00 1.723513e+01
2.309699e+00 9.567086e-01 1.734421e+01
2.349232e+00 8.550504e-01 1.745329e+01
2.384292e+00 7.517645e-01 1.756238e+01
2.414815e+00 6.470476e-01 1.767146e+01
2.440740e+00 5.410990e-01 1.778054e+01
2.462019e+00 4.341204e-01 1.788962e+01
2.478612e+00 3.263155e-01 1.799871e+01
2.490487e+00 2.178894e-01 1.810779e+01
2.497621e+00 1.090485e-01 1.821687e+01
2.500000e+00 1.393500e-14 1.832596e+01
2.497621e+00 -1.090485e-01 1.843504e+01
2.490487e+00 -2.178894e-01 1.854412e+01
2.478612e+00 -3.263155e-01 1.865321e+01
2.462019e+00 -4.341204e-01 1.876229e+01
2.440740e+00 -5.410990e-01 1.887137e+01
2.414815e+00 -6.470476e-01 1.898046e+01
2.384292e+00 -7.517645e-01 1.908954e+01
2.349232e+00 -8.550504e-01 1.919862e+01
2.309699e+00 -9.567086e-01 1.930770e+01
2.265769e+00 -1.056546e+00 1.941679e+01
2.217527e+00 -1.154372e+00 1.952587e+01
2.165064e+00 -1.250000e+00 1.963495e+01
2.108479e+00 -1.343249e+00 1.974404e+01
2.047880e+00 -1.433941e+00 1.985312e+01
1.983383e+00 -1.521904e+00 1.996220e+01
1.915111e+00 -1.606969e+00 2.007129e+01
1.843193e+00 -1.688976e+00 2.018037e+01
1.767767e+00 -1.767767e+00 2.028945e+01
1.688976e+00 -1.843193e+00 2.039854e+01
1.606969e+00 -1.915111e+00 2.050762e+01
1.521904e+00 -1.983383e+00 2.061670e+01
1.433941e+00 -2.047880e+00 2.072578e+01
1.343249e+00 -2.108479e+00 2.083487e+01
1.250000e+00 -2.165064e+00 2.094395e+01
1.154372e+00 -2.217527e+00 2.105303e+01
1.056546e+00 -2.265769e+00 2.116212e+01
9.567086e-01 -2.309699e+00 2.127120e+01
8.550504e-01 -2.349232e+00 2.138028e+01
7.517645e-01 -2.384292e+00 2.148937e+01
6.470476e-01 -2.414815e+00 2.159845e+01
5.410990e-01 -2.440740e+00 2.170753e+01
4.341204e-01 -2.462019e+00 2.181662e+01
3.263155e-01 -2.478612e+00 2.192570e+01
2.178894e-01 -2.490487e+00 2.203478e+01
1.090485e-01 -2.497621e+00 2.214386e+01
1.852897e-14 -2.500000e+00 2.225295e+01
-1.090485e-01 -2.497621e+00 2.236203e+01
-2.178894e-01 -2.490487e+00 2.247111e+01
-3.263155e-01 -2.478612e+00 2.258020e+01
-4.341204e-01 -2.462019e+00 2.268928e+01
-5.410990e-01 -2.440740e+00 2.279836e+01
-6.470476e-01 -2.414815e+00 2.290745e+01
-7.517645e-01 -2.384292e+00 2.301653e+01
-8.550504e-01 -2.349232e+00 2.312561e+01
-9.567086e-01 -2.309699e+00 2.323470e+01
-1.056546e+00 -2.265769e+00 2.334378e+01
-1.154372e+00 -2.217527e+00 2.345286e+01
-1.250000e+00 -2.165064e+00 2.356194e+01
-1.343249e+00 -2.108479e+00 2.367103e+01
-1.433941e+00 -2.047880e+00 2.378011e+01
-1.521904e+00 -1.983383e+00 2.388919e+01
-1.606969e+00 -1.915111e+00 2.399828e+01
-1.688976e+00 -1.843193e+00 2.410736e+01
-1.767767e+00 -1.767767e+00 2.421644e+01
-1.843193e+00 -1.688976e+00 2.432553e+01
-1.915111e+00 -1.606969e+00 2.443461e+01
-1.983383e+00 -1.521904e+00 2.454369e+01
-2.047880e+00 -1.433941e+00 2.465278e+01
-2.108479e+00 -1.343249e+00 2.476186e+01
-2.165064e+00 -1.250000e+00 2.487094e+01
-2.217527e+00 -1.154372e+00 2.498002e+01
-2.265769e+00 -1.056546e+00 2.508911e+01
-2.309699e+00 -9.567086e-01 2.519819e+01
-2.349232e+00 -8.550504e-01 2.530727e+01
-2.384292e+00 -7.517645e-01 2.541636e+01
-2.414815e+00 -6.470476e-01 2.552544e+01
-2.440740e+00 -5.410990e-01 2.563452e+01
-2.462019e+00 -4.341204e-01 2.574361e+01
-2.478612e+00 -3.263155e-01 2.585269e+01
-2.490487e+00 -2.178894e-01 2.596177e+01
-2.497621e+00 -1.090485e-01 2.607086e+01
-2.500000e+00 -2.312295e-14 2.617994e+01
-2.497621e+00 1.090485e-01 2.628902e+01
-2.490487e+00 2.178894e-01 2.639810e+01
-2.478612e+00 3.263155e-01 2.650719e+01
-2.462019e+00 4.341204e-01 2.661627e+01
-2.440740e+00 5.410990e-01 2.672535e+01
-2.414815e+00 6.470476e-01 2.683444e+01
-2.384292e+00 7.517645e-01 2.694352e+01
-2.349232e+00 8.550504e-01 2.705260e+01
-2.309699e+00 9.567086e-01 2.716169e+01
-2.265769e+00 1.056546e+00 2.727077e+01
-2.217527e+00 1.154372e+00 2.737985e+01
-2.165064e+00 1.250000e+00 2.748894e+01
-2.108479e+00 1.343249e+00 2.759802e+01
-2.047880e+00 1.433941e+00 2.770710e+01
-1.983383e+00 1.521904e+00 2.781618e+01
-1.915111e+00 1.606969e+00 2.792527e+01
-1.843193e+00 1.688976e+00 2.803435e+01
-1.767767e+00 1.767767e+00 2.814343e+01
-1.688976e+00 1.843193e+00 2.825252e+01
-1.606969e+00 1.915111e+00 2.836160e+01
-1.521904e+00 1.983383e+00 2.847068e+01
-1.433941e+00 2.047880e+00 2.857977e+01
-1.343249e+00 2.108479e+00 2.868885e+01
-1.250000e+00 2.165064e+00 2.879793e+01
-1.154372e+00 2.217527e+00 2.890702e+01
-1.056546e+00 2.265769e+00 2.901610e+01
-9.567086e-01 2.309699e+00 2.912518e+01
-8.550504e-01 2.349232e+00 2.923426e+01
-7.517645e-01 2.384292e+00 2.934335e+01
-6.470476e-01 2.414815e+00 2.945243e+01
-5.410990e-01 2.440740e+00 2.956151e+01
-4.341204e-01 2.462019e+00 2.967060e+01
-3.263155e-01 2.478612e+00 2.977968e+01
-2.178894e-01 2.490487e+00 2.988876e+01
-1.090485e-01 2.497621e+00 2.999785e+01
